CIA Mission Control Graphical User Interface

/* #Pumydi
$[
	1.063,
	["CIAEditor",[["safezoneX","safezoneY","safezoneW","safezoneH"],"safezoneW / 40","safezoneH / 25","GUI_GRID"],0,0,0],
	[-2200,"TRT_GUIBack",[0,"",[0.0151516,0.0272727,0.969697,0.945455],[-1,-1,-1,-1],[-1,-1,-1,-1],[-1,-1,-1,-1],"","-1"],[]],
	[1200,"TRT_CIALogo",[0,"#(argb,8,8,3)color(1,1,1,1)",[0.681818,0.0636363,0.272727,0.363636],[-1,-1,-1,-1],[-1,-1,-1,-1],[-1,-1,-1,-1],"","-1"],[]],
	[1000,"TRT_CIATEXT",[0,"CENTRAL INTELLIGENCE AGENCY",[0.0454546,0.0636364,0.606061,0.109091],[-1,-1,-1,-1],[-1,-1,-1,-1],[-1,-1,-1,-1],"","0.85"],[]],
	[1500,"TRT_CtrListbox",[0,"",[0.0757576,0.318182,0.393939,0.436364],[-1,-1,-1,-1],[-1,-1,-1,-1],[-1,-1,-1,-1],"","-1"],[]],
	[1001,"TRT_CtrText",[0,"CONTRACTS",[0.0757576,0.209091,0.181818,0.0727273],[-1,-1,-1,-1],[-1,-1,-1,-1],[-1,-1,-1,-1],"","-1"],[]],
	[1002,"TRT_Login",[0,"LOGGED IN AS:",[0.681818,0.572727,0.242424,0.0727273],[-1,-1,-1,-1],[-1,-1,-1,-1],[-1,-1,-1,-1],"","-1"],[]],
	[1003,"TRT_username",[0,"dar.gal007",[0.742424,0.645455,0.181818,0.0363636],[-1,-1,-1,-1],[-1,-1,-1,-1],[-1,-1,-1,-1],"","-1"],[]],
	[1201,"",[0,"#(argb,8,8,3)color(1,1,1,1)",[0.742424,0.718182,0.181818,0.218182],[-1,-1,-1,-1],[-1,-1,-1,-1],[-1,-1,-1,-1],"","-1"],[]]
]
*/

